2 0.13463865546218487 0.14299287410926367 0.1398655462184874 0.09833729216152019
2 0.3154453781512605 0.14249703087885987 0.13845378151260504 0.09734560570071259
2 0.4987773109243697 0.14214964370546318 0.13705042016806723 0.09783847980997624
2 0.6830252100840336 0.14239904988123517 0.1391596638655462 0.09833729216152019
2 0.8646764705882353 0.14230106888361044 0.1377563025210084 0.0993289786223278
2 0.1329579831932773 0.2717547505938242 0.1398655462184874 0.0993289786223278
2 0.31390336134453783 0.2715083135391924 0.13705042016806723 0.09883610451306413
2 0.4977983193277311 0.27125890736342045 0.13845378151260504 0.09833729216152019
2 0.682672268907563 0.2717547505938242 0.13845378151260504 0.0993289786223278
2 0.8634831932773109 0.2715083135391924 0.13705042016806723 0.09883610451306413
2 0.13176470588235295 0.4010570071258907 0.1391596638655462 0.09783847980997624
2 0.31292436974789917 0.40046318289786226 0.13845378151260504 0.09783847980997624
2 0.49695798319327733 0.40071258907363416 0.13845378151260504 0.09833729216152019
2 0.6809915966386555 0.400020783847981 0.13845378151260504 0.0993289786223278
2 0.8621554621848739 0.4006146080760095 0.1377563025210084 0.0993289786223278
2 0.9423319327731092 0.9547802850356294 0.0476890756302521 0.034263657957244655