2 0.9401596638655462 0.9514103325415677 0.04838655462184874 0.03464964370546318
2 0.13549159663865548 0.13909441805225653 0.139890756302521 0.09885391923990498
2 0.31684453781512606 0.13885985748218527 0.137890756302521 0.09838479809976247
2 0.5000378151260504 0.13909441805225653 0.137890756302521 0.09885391923990498
2 0.13381092436974792 0.26748218527315915 0.139890756302521 0.09790973871733967
2 0.3148319327731092 0.2685480997624703 0.13722689075630254 0.09885391923990498
2 0.13213025210084034 0.39657957244655584 0.139890756302521 0.09838479809976247
2 0.3133235294117647 0.39717339667458434 0.135890756302521 0.09838479809976247
2 0.49835714285714283 0.2683135391923991 0.137890756302521 0.09838479809976247
2 0.4966764705882353 0.39729513064133015 0.137890756302521 0.09744061757719716
2 0.6818823529411765 0.26818883610451305 0.13855462184873948 0.0993230403800475
2 0.8644117647058824 0.26878266033254156 0.13722689075630254 0.0993230403800475
2 0.8618907563025211 0.39776722090261285 0.13722689075630254 0.09838479809976247
2 0.6810420168067227 0.39776722090261285 0.13855462184873948 0.09838479809976247
2 0.6837941176470589 0.13930522565320666 0.1373361344537815 0.09808788598574822
2 0.8650588235294119 0.13965261282660332 0.1368403361344538 0.09878266033254156