2 0.1360168067226891 0.1380106888361045 0.14094117647058824 0.09906175771971495
2 0.31693697478991595 0.13866389548693586 0.1363949579831933 0.09799287410926366
2 0.49928991596638655 0.13919833729216152 0.1363949579831933 0.09906175771971495
2 0.6845420168067227 0.13919833729216152 0.13715126050420168 0.09906175771971495
2 0.8655924369747899 0.13919833729216152 0.1379075630252101 0.09906175771971495
2 0.13488235294117645 0.26779097387173395 0.13867226890756304 0.09852731591448931
2 0.31479411764705884 0.26817399049881235 0.13715126050420168 0.09691805225653208
2 0.49744537815126055 0.26779097387173395 0.13942857142857143 0.09852731591448931
2 0.6815588235294118 0.2683254156769596 0.1379075630252101 0.09959619952494062
2 0.8642941176470588 0.2689192399049881 0.13867226890756304 0.09959619952494062
2 0.1327394957983193 0.39665083135391926 0.13942857142857143 0.09852731591448931
2 0.31273529411764706 0.3969774346793349 0.1363949579831933 0.09799287410926366
2 0.4966848739495799 0.3969774346793349 0.1379075630252101 0.09799287410926366
2 0.6803403361344538 0.39751187648456054 0.13715126050420168 0.09906175771971495
2 0.8626134453781512 0.3978384798099763 0.13867226890756304 0.09852731591448931
2 0.9401218487394957 0.9520724465558195 0.048310924369747904 0.034786223277909735