2 0.1338235294117647 0.1424435866983373 0.14327731092436974 0.10080166270783848
2 0.31523949579831934 0.1417814726840855 0.14140336134453782 0.10066508313539194
2 0.4988613445378151 0.14212292161520187 0.1405798319327731 0.10016033254156768
2 0.6833235294117647 0.14183788598574823 0.13807563025210084 0.09840261282660333
2 0.8648655462184874 0.14183788598574823 0.13981512605042015 0.09840261282660333
2 0.13276050420168067 0.2720457244655582 0.13947058823529412 0.09872327790973871
2 0.31399159663865545 0.27087589073634205 0.13722689075630254 0.09875890736342043
2 0.49742016806722694 0.27138361045130643 0.13769747899159665 0.09858669833729217
2 0.8630084033613445 0.2715498812351544 0.137781512605042 0.09891923990498813
2 0.6812899159663866 0.27138361045130643 0.13736974789915965 0.09858669833729217
2 0.13171428571428573 0.4004453681710214 0.13905882352941176 0.09899049881235154
2 0.31289915966386556 0.4001959619952494 0.13840336134453782 0.09849168646080761
2 0.4961134453781513 0.40035035629453686 0.1384453781512605 0.09998812351543943
2 0.6807394957983194 0.40034441805225657 0.13963025210084035 0.09997624703087887
2 0.8622563025210085 0.40065617577197155 0.13963865546218487 0.09941211401425178
2 0.9418655462184874 0.9544893111638955 0.04843697478991597 0.034869358669833726